7966.67
1842.33
7798.33
5971.94
4463.42
1008.65
4597.44
3343.42
1437.10
6511.72
573.50
7222.05
9385.20
17.78
9921.20
6178.02
6119.80
80.59
240.37
5251.97
4004.21
476.14
9736.84
2335.15
915.07
6187.06
3830.41
9831.49
4672.49
8599.94
6805.59
4510.04
142.50
9421.65
5636.69
3859.93
169.49
2316.40
2417.60
6835.12
6103.26
8332.78
1741.74
3916.30
1830.36
7555.31
4256.88
2087.13
5680.76
322.79
8423.58
4502.59
3957.16
9266.40
7274.72
3271.82
5708.16
5212.61
9611.15
8446.05
7474.98
5400.98
5871.06
9651.94
6073.67
2766.96
2969.48
1660.85
166.19
4239.36
3954.47
2941.65
150.64
1996.24
7115.59
7903.06
6062.93
9262.82
6513.61
9149.53
8501.04
4499.56
963.05
3714.10
6691.06
6661.90
5916.47
2754.20
5616.26
3835.06
9716.43
8489.80
7219.36
2367.25
2567.87
413.89
7108.81
1117.69
4398.53
2024.97
8957.78
4758.47
5636.56
6957.51
1401.78
6047.53
5402.47
2038.38
9428.16
5992.07
6950.21
8804.99
6246.67
2963.08
1063.78
4570.32
2192.00
4170.52
8833.09
3249.88
1229.54
3569.06
9068.31
2728.33
6479.78
15.20
3531.81
3054.46
1654.75
5345.02
4852.97
6926.74
2701.16
2448.57
1691.06
2195.24
5584.88
4043.92
658.21
2546.36
2476.05
6965.38
7124.87
1489.24
9976.43
2674.88
9765.41
4115.85
340.14
3456.92
6346.54
6809.57
5313.51
4482.91
5532.85
5930.45
817.64
3702.48
2428.94
8032.56
4707.83
9833.41
3993.86
8165.34
7984.67
1515.52
5086.40
6960.47
8584.15
3266.00
2209.99
7113.67
8096.11
3492.82
970.71
9404.89
3981.35
5181.82
8377.89
6759.47
7354.07
2098.42
5418.52
6960.19
2292.99
1757.62
9820.88
5170.68
2615.42
9961.58
9653.57
5586.79
8826.65
1895.00
2795.65
7005.87
8467.30
8563.82
4050.63
8877.94
8509.92
9356.06
7854.77
6692.52
5810.48
3728.73
9400.99
9735.93
2846.09
3060.28
4860.80
4489.31
9943.64
1767.32
190.55
4943.50
1796.26
3670.66
7443.52
7211.47
3087.22
5429.43
5092.54
6366.33
2511.86
5902.22
9788.16
4872.07
9061.02
4349.17
3506.93
6453.94
6691.88
8642.17
2309.32
4996.44
5723.75
7687.09
445.56
9944.57
4704.28
2802.53
8835.22
7478.96
9530.23
3313.86
5531.57
5726.63
9802.53
762.63
3063.61
1917.01
2691.80
4857.46
3732.77
3952.57
8442.85
9299.94
713.39
2096.89
6714.05
3592.52
2548.84
2959.66
3231.96
8487.36
1374.71
7091.31
5532.12
2971.84
4203.19
2569.25
6118.41
825.04
61.79
6282.04
1950.60
718.63
3973.47
517.13
8866.42
285.86
5792.28
4389.92
6722.87
3287.92
1558.71
9817.61
8390.11
8604.58
2509.76
397.92
3039.32
5374.92
3272.92
8279.58
2722.44
9651.90
4577.62
8420.97
1951.66
4119.01
6997.43
1392.01
1335.99
9694.70
7148.09
420.22
3993.82
4340.44
7442.24
2515.85
1851.31
817.84
4288.43
6887.43
591.30
9152.07
4428.66
2405.24
947.70
1836.65
9345.86
6385.68
5171.28
6573.89
4361.94
7302.36
486.64
5664.15
1594.72
1210.32
3425.04
926.98
950.53
3120.71
9794.33
1761.37
181.42
7635.25
8070.25
3469.23
4651.63
6500.59
490.06
9491.02
8867.05
2616.07
162.88
9334.10
5014.89
5397.84
6842.11
6161.74
9438.53
9442.13
8672.45
6367.04
8010.68
6774.23
5737.36
1293.59
8113.12
8207.37
6262.51
8205.24
6517.68
2074.57
2746.60
2153.53
3778.44
399.20
6185.74
3371.84
6560.01
3859.73
6818.64
3412.50
2614.08
4964.92
6931.28
3489.53
9366.18
401.43
4184.86
9675.16
5483.69
4240.05
5688.95
5762.91
7318.43
1285.49
2507.41
5809.05
8671.63
5622.49
2393.34
6800.97
7400.95
2389.74
3783.13
5347.40
4970.15
3901.90
2983.08
1008.75
544.26
9584.87
8472.11
3555.15
9567.48
6770.25
4829.90
4934.83
841.93
926.03
6027.78
5540.94
2134.94
9461.54
7814.37
1143.40
9309.05
9741.77
9958.36
568.10
7372.25
5463.15
7060.55
9685.86
6882.73
8370.43
8669.15
8385.58
4266.23
2233.32
3972.15
8919.16
1474.44
5137.62
2339.72
5816.66
8631.89
8803.92
2374.25
9076.95
5922.38
3508.33
7084.02
4821.37
3785.72
7053.09
2494.51
3308.89
4349.74
2544.03
4057.56
5718.44
7411.59
7673.51
8228.85
7443.93
6812.90
2382.45
4007.83
4781.89
838.00
5287.89
4368.56
8022.27
9778.25
5563.93
3233.31
443.53
9246.26
9191.05
2537.12
6956.46
763.52
1670.33
2175.71
2951.70
9957.36
6971.58
3847.79
7372.90
9152.48
9586.48
588.00
3950.88
1076.39
3362.91
1704.93
6471.37
3888.41
2301.42
2666.45
3609.49
2606.64
4537.42
332.80
2804.56
4117.54
6031.19
2716.60
1340.39
771.17
9404.97
4171.81
5815.23
9191.65
836.57
8766.97
5519.81
1656.53
4118.03
7777.47
4808.42
9852.02
3773.25
7497.54
3935.57
8292.52
5694.55
644.42
377.81
1347.05
146.57
762.76
6919.54
5347.58
7500.86
9131.61
5855.06
7263.22
7572.48
3784.35
2418.20
2058.20
2521.66
2754.30
2080.00
8782.55
7571.66
478.45
2693.77
231.60
4986.17
4766.87
8314.57
3084.39
8164.88
9679.09
893.11
7919.47
5903.07
4805.18
4210.73
7848.05
6396.58
8051.59
9031.58
6175.85
9803.84
6084.19
6369.44
5552.05
919.02
7265.98
5478.44
4514.14
9104.70
2986.32
5240.26
6978.74
7965.96
4598.42
8421.65
7690.72
671.63
468.11
6211.23
3480.31
2099.01
5800.12
3421.87
5376.72
4606.13
5851.23
4008.60
6979.00
1808.69
6967.35
4122.08
8743.56
5156.69
9730.40
6022.73
2246.03
8218.87
3457.03
3482.37
327.70
5491.12
5348.36
3566.00
8942.34
1296.07
3307.36
3222.29
931.89
4816.16
6880.28
5120.94
1578.05
3778.71
35.92
8683.46
854.24
5976.21
9861.72
5370.00
9240.25
2368.57
7601.19
5316.81
7207.23
632.73
1485.77
1339.70
6874.10
8445.12
7497.92
314.39
8672.61
3547.57
3977.27
1057.54
7375.94
1830.83
5643.45
8407.85
901.06
5357.47
2339.60
3435.50
4744.49
3557.14
6491.09
4800.55
5845.57
7370.12
5581.29
5868.90
5648.38
3793.56
3380.76
8996.58
6078.87
2450.84
4987.00
3309.85
9336.65
85.26
2260.85
3659.55
4882.73
8508.82
887.91
8059.78
565.92
8423.87
525.79
192.22
6971.95
9971.59
8966.24
5763.65
9173.86
62.94
9749.95
4912.09
7231.01
8209.59
7186.67
5354.48
4770.95
8386.60
2058.52
9679.29
7111.70
2002.87
7364.37
5302.57
7074.52
7679.35
881.94
5065.47
9319.89
3212.89
5942.30
3698.24
4547.68
5490.00
5493.18
2025.09
6848.19
887.71
1396.72
37.08
1175.68
4736.46
6064.35
7944.16
1075.82
8507.92
7461.54
4090.69
9329.12
9908.39
2057.76
3798.11
9264.30
7218.03
490.42
7816.55
8280.30
7506.76
7996.58
8252.25
1872.00
2364.32
6340.61
9078.67
3168.49
5886.60
6832.31
4524.51
7139.97
8996.78
6244.15
5401.87
4392.62
5778.51
3559.72
3920.51
5322.72
675.46
2297.73
5432.52
4320.53
3334.50
7307.46
6939.55
1675.47
8786.63
4958.79
7416.45
5735.20
9975.95
7525.75
7072.03
7787.16
1439.71
2053.20
7142.79
4944.38
7548.05
1038.03
5368.91
3794.05
4574.98
6042.94
5027.36
5402.67
4868.22
4095.05
7720.33
131.90
5987.84
5658.86
7163.91
5993.70
8268.89
9590.20
3431.47
2281.01
4241.31
2886.13
6152.74
9118.49
1399.63
1016.84
2567.34
7262.97
5933.11
1031.00
9187.40
7902.16
239.97
6516.51
7713.98
3750.23
698.46
782.36
1051.32
8405.15
9106.84
1236.76
2366.47
1663.38
1871.16
8375.70
3327.81
3121.02
2281.45
6082.26
3798.88
7444.31
2063.54
7879.23
6040.57
1151.42
4150.49
8635.68
9229.45
4661.88
4813.08
9184.44
5874.22
338.11
9127.45
2489.53
5779.97
1663.31
348.42
3121.31
7806.37
2782.82
2208.55
2134.47
5156.07
9754.68
4594.84
5576.92
8606.85
5354.81
1852.60
3002.66
3105.96
3978.81
4273.19
7999.02
3500.03
4687.17
6252.89
3783.10
8366.45
5878.07
2947.21
7142.74
5280.67
5348.68
4815.59
4974.65
7655.14
1038.68
3349.95
764.20
7534.18
2730.02
8974.43
5269.99
8008.69
9788.55
8398.65
8670.40
4085.36
5521.16
2546.09
1968.97
5059.52
5953.94
3398.98
5698.17
8874.84
5571.09
7210.20
8054.29
9886.41
6035.34
8069.63
9625.90
9443.71
1419.27
4069.45
3246.34
878.29
6335.44
7360.95
8481.95
1236.42
8764.80
6432.18
7041.72
9106.22
6250.74
3364.96
8252.00
3636.60
351.90
8307.41
3458.12
7739.83
3633.59
8611.21
2202.69
9744.75
7799.01
1151.12
5661.54
9852.83
4715.47
1829.07
4852.45
5128.94
7418.71
6990.77
4031.07
2187.83
6453.45
4222.40
1331.31
9005.82
6914.62
6834.32
8226.79
5300.79
8151.58
4985.43
681.02
4058.02
4979.18
7204.10
1074.61
1408.65
2643.94
2672.05
7323.79
2514.55
6334.02
4947.30
5736.64
8381.85
4049.37
7710.63
4225.72
3544.82
9585.73
1851.68
912.38
7711.38
691.75
8371.58
4377.12
9155.07
7217.39
6107.33
9492.63
3972.13
9540.37
1358.53
4842.23
2706.14
5402.49
1628.36
8416.04
8464.77
9551.86
1555.02
6236.47
4747.16
3450.05
3521.53
4133.39
7051.50
5986.28
4601.76
768.50
786.80
33.37
9676.35
62.48
1039.80
3152.51
8075.42
9620.40
7901.45
6908.01
5217.27
